2527955
1653582
686923
1581240
933536
903533
2111257
911105
2597432
2216034
921494
955184
1058627
1610365
1563146
2645713
1398154
871981
931064
1205690
2582914
933576
966681
1282025
1028228
617892
1669414
911128
1577738
3166177
1008018
688925
967231
1571439
1832389
722614
2448980
2343962
1765044
2711095
3300008
3014425
1259883
1656460
851604
880623
1619724
1564745
775918
734859
998991
1365512
1577745
1588888
592524
1832373
2596052
2382462
1474026
3311022
1372961
2858246
1017636
1823527
1097561
3365722
1673481
998058
3003800
1359124
1075747
938505
1894727
1639470
1558411
1277675
1729552
2260917
2386598
998059
2045867
1156167
852402
715739
1649803
1578421
1677711
1083564
1673483
797902
823580
1243610
592275
2597446
1774314
1666384
664137
975353
2020667
2190787
584279
1300683
3316857
1570801
1658771
933368
1522342
1700028
1669226
756097
1570802
2263139
1278883
2423586
861144
1068293
1725683
998061
746511
952845
1288623
3289231
1734535
883711
1834713
1046171
2894316
715521
926623
873052
911414
946706
998067
998065
1247673
755903
2267000
926658
2607124
1898182
2588546
1802943
669996
949076
2188666
2845222
2291642
666457
2049907
998062
3135550
1062230
1080765
1009124
927280
1558412
1891144
1840208
670007
1774313
1882021
1728357
1370640
2565239
2088167
1056958
999897
2948908
937591
574617
1843508
1723929
3305444
976893
1034602
1977863
1430561
2814143
2803857
1083548
2216032
1577753
3299570
809466
931457
977219
2216056
935649
2552240
1849976
2614856
1664439
587263
1477348
2627204
1711538
2163546
576447
879427
1832387
3246975
1828653
1404752
1379926
3316853
3289331
1628078
775936
2431076
1360248
670024
1760750
662232
1096285
649637
1721424
1836174
1404395
1940095
2265467
939913
2382487
1713653
2216033
695982
737005
2213261
1644272
2904495
1834723
1665473
920299
966677
1018195
1696470
3342067
2137052
1521208
2524814
3305468
2088203
2467310
1832348
1793598
846169
1051313
949037
1456887
2338445
1750191
686935
574578
1714081
1581692
836857
715963
996685
1593590
1580681
911112
2188692
587591
2216057
1172391
2713672
939928
1183929
976471
678815
909816
975910
1820857
2382485
1661614
1571235
1581694
976469
1669416
3339289
696006
2291631
2512883
2264023
1314061
1887575
2202130
2372013
2982730
1783041
998060
2531626
1054363
1292183
888002
3237050
703933
751931
1396757
967228
840529
1672777
670101
1456916
911067
918312
966685
1674835
3149555
937111
1373210
1365323
880624
1750829
1150083
976891
954643
726401
927860
1474582
1666385
911156
715501
1557110
933364
2854922
1544756
1657877
888215
938508
2190742
765201
2163545
949090
3354787
2265468
663423
949091
1753065
1349104
3197177
1486241
800992
2529835
1845011
949058
2530877
1840232
834678
2585131
1744439
3339297
933342
1759847
2749420
1160913
911160
1812602
766883
1712727
1357884
926163
954652
936309
1310518
1150091
881175
1577749
2528592
998064
840531
1648207
1386659
938613
2661524
752167
1547765
920819
1669413
2893645
1413879
1843551
1942517
3502101
1032073
1845000
1029070
1686631
1000349
1148841
1272465
599499
2183803
658797
2053052
1248154
949408
940575
909814
1742982
877166
1416625
1653583
1282065
2309001
2689956
902599
998063
851663
2873460
1414861
1900977
1631563
3060665
2532819
951426
1584195
3339296
1711484
1894181
1643561
1657425
3020754
1060683
670132
1658762
998066
1353455
939180
1017631
954644
1058631
976896
951231
1574909
2531657
881691
1545506
1542057
904048
936280
1773809
753029
963360
2883377
2237171
2535119
976895
3339308
927960
907109
1544739
3339298
954423
966674
1571408
1360396
757384
2137706
1770066
2589834
969197
911144
1733668